latitude,longitude
51.31781175,-0.191576478
51.20542755,-0.083121833
51.18728571,-0.186359608
51.18761382,-0.107128467
51.35068352,0.020573954
51.37327541,-0.132202749
51.19861827,-0.070956859
51.22391317,-0.054228944
51.36012749,-0.20188957
51.27215388,0.06609361
51.34889829,-0.012252082
51.33740937,0.012217087
51.2976235,0.077008841
51.32090596,-0.081309703
51.22671524,-0.071905244
51.41619914,-0.106787992
51.24141452,0.097717993
51.14723997,0.017983517
51.28125543,0.003582547
51.31301328,0.064270751
51.2572172,-0.000695647
51.36439581,-0.030707349
51.2937553,-0.130907866
51.30785752,-0.150722255
51.25785381,0.007249256
51.2180056,0.049062136
51.28076537,-0.029206329
51.27151028,-0.019185707
51.20173344,-0.196685195
51.33335217,-0.186056326
51.36070628,-0.125629239
51.32774371,-0.01274023
51.20145806,0.071714752
51.26093642,0.020807198
51.25916293,0.064453701
51.28270549,-0.109098134
51.17463962,-0.166815945
51.13587571,0.020527874
51.31221525,-0.088781936
51.22798433,0.0462402
51.37182176,-0.126724372
51.42147698,-0.100145486
51.13391175,0.020828557
51.28776189,-0.195899624
51.1516515,-0.084055677
51.26642803,0.07879207
51.11972606,0.039707083
51.25251197,0.043280817
51.22171052,-0.132130536
51.13403467,-0.006930862
51.22348376,-0.064090098
51.30886298,0.004198118
51.19927851,0.027169732
51.2034505,0.001784704
51.28117459,0.055076491
51.10702276,0.120508016
51.3796499,0.000708467
51.36503313,-0.024181721
51.25167688,-0.067796198
51.13208157,0.082729455
51.18674912,-0.073130683
51.25118598,-0.012701822
51.24665524,-0.184420252
51.32349882,-0.071095761
51.34878493,0.047669624
51.17378799,0.016859097
51.34831865,0.029264328
51.30793658,-0.21173658
51.14047501,-0.046926193
51.13088518,0.122854733
51.31438063,-0.139393384
51.21898746,-0.074772916
51.22946289,-0.101266999
51.35767694,-0.157579679
51.19771659,-0.114824126
51.33516261,-0.088833737
51.17763456,-0.099604792
51.30537653,-0.025491838
51.31039465,-0.15008926
51.19957879,0.034933999
51.3137029,-0.214224559
51.28502245,-0.189549332
51.13268454,0.09504824
51.28606587,-0.089202425
51.19916058,0.107974085
51.36877757,-0.018588747
51.32006414,-0.137292512
51.15540535,-0.0033231
51.30882806,-0.176431648
51.33773469,0.040417049
51.37933576,-0.112266929
51.16876686,-0.084052483
51.37541271,-0.127162244
51.28688233,-0.172840227
51.38546556,-0.088075376
51.19551699,-0.0654863
51.36037801,0.058297996
51.28939844,0.085403183
51.3499045,-0.070384735
51.33499426,-0.186621666
51.22612657,-0.059962213
51.19322985,0.036277763
51.37869459,-0.199615504
51.11886813,0.086162972
51.15890524,-0.035875009
51.24078483,-0.110625189
51.32185681,-0.142288006
51.3039511,0.071781214
51.23223647,-0.049728545
51.26489584,-0.20114889
51.28058244,-0.18037577
51.22827513,-0.055884712
51.16289691,0.062384769
51.1770336,-0.175972179
51.3836986,-0.172225823
51.20741561,-0.088573919
51.22060865,0.091642625
51.36616279,-0.2208435
51.22892699,0.092761342
51.34033149,-0.029857581
51.21889215,-0.155630252
51.23143602,0.082423346
51.34540213,0.006211147
51.36476016,-0.001391882
51.38693268,-0.084592688
51.37391472,0.055638646
51.24305268,0.079167335
51.16195528,-0.11181222
51.28308256,-0.045916471
51.38748216,-0.165352081
51.26651537,0.092617437
51.33194518,0.076593494
51.38928347,-0.097797782
51.21100231,-0.160975716
51.23560914,-0.162387472
51.24225707,0.089095038
51.39253261,-0.109036841
51.13977661,0.067172027
51.1768992,0.07272052
51.36095694,-0.188476357
51.22741833,0.014398179
51.19364554,-0.011172141
51.21103479,0.049607173
51.24530887,-0.145620312
51.2973936,0.042417161
51.33333004,-0.001530603
51.12872867,0.100288867
51.29923381,-0.020756625
51.38673122,-0.172112963
51.20009049,-0.119770318
51.30154399,-0.030915127
51.28896497,-0.047613396
51.31465458,0.046899217
51.26613674,0.063073088
51.26577553,-0.023799848
51.34749823,-0.043224488
51.33444104,-0.118045369
51.34061789,0.025986041
51.20505467,-0.085117833
51.2605088,0.039525818
51.17525583,0.026228526
51.21372593,-0.163227438
51.26777697,0.065522424
51.24927631,-0.067581776
51.26012053,-0.020879725
51.1615763,0.05058384
51.17581721,-0.055403029
51.31295596,0.019396105
51.37768995,-0.199720538
51.25797273,-0.02341089
51.23021873,0.084919974
51.18374912,-0.16456553
51.31403429,-0.139534752
51.18446826,-0.003215928
51.21710737,-0.030933494
51.37447953,-0.047764229
51.32709614,0.034523676
51.3846725,-0.206914869
51.35941517,-0.042235172
51.27837143,-0.175665451
51.27986263,-0.184380368
51.34561218,-0.217820005
51.37469066,-0.17810682
51.29484618,0.031784415
51.09469927,0.126464958
51.28078998,-0.015482057
51.18870841,0.039620315
51.27590227,-0.198947912
51.34025977,-0.061414261
51.1632416,0.070988584
51.38622634,-0.036090191
51.23003979,-0.190559265
51.28878439,-0.082845219
51.27741045,0.044943726
51.40336827,-0.074372718
51.26851292,-0.200128596
51.25953014,-0.204608486
51.38868741,-0.132069893
51.18975724,0.023715601
51.23661723,-0.078129747
51.22909792,-0.152808716
51.32284835,0.074500536
51.29113159,-0.155579655
51.34080792,-0.193054233
51.182903,-0.031635886
51.27898574,0.010144617
51.12629561,0.050919746
51.1662819,0.057368744
51.33231855,0.014780121
51.27144065,0.079990276
51.22550534,-0.043038281
51.12493312,0.013381645
51.26450623,0.068165862
51.16763153,0.094061682
51.11332282,0.073662616
51.32144312,-0.100214916
51.30062702,0.00188068
51.15272675,0.054455901
51.1416988,0.029298532
51.23692234,-0.127114401
51.22737536,0.087846591
51.20646135,-0.076227723
51.33248474,-0.208759133
51.33418368,-0.060741459
51.24368707,-0.20449678
51.28786224,-0.047400848
51.21659979,0.002317716
51.31251852,-0.175664219
51.35191456,-0.02286525
51.3348098,-0.214867028
51.30432287,-0.17677878
51.40718386,-0.080177428
51.37564908,-0.031820386
51.20456066,-0.141741945
51.3076742,0.075814667
51.17021436,0.079184848
51.34528391,-0.182743549
51.24271848,-0.180727265
51.19619714,-0.167286897
51.27249909,-0.18084506
51.31429843,-0.096018677
51.3245619,-0.044288022
51.37281147,-0.104966478
51.17514654,-0.15119492
51.26892741,-0.129958413
51.19255033,0.076663948
51.37048918,-0.075430486
51.27121091,-0.127142087
51.24897302,0.079563136
51.36737526,-0.063150157
51.27379357,-0.084015593
51.36038841,-0.135741524
51.36909676,-0.212437221
51.35456373,-0.072764737
51.2659603,0.088890706
51.36279103,-0.029039309
51.16225151,0.071411109
51.37835596,-0.072128937
51.3223381,-0.108378865
51.38546464,0.00322743
51.24440461,0.077733922
51.25252496,-0.142434833
51.2474143,-0.157970621
51.39130475,0.004025778
51.13292938,0.075225037
51.35056969,0.005275191
51.23200261,0.08782225
51.17324565,0.089046988
51.26548053,-0.087727085
51.23421213,0.08315848
51.34098783,-0.026227488
51.13549879,0.043103622
51.34641314,-0.028142284
51.17686381,-0.112708873
51.19684073,0.069689152
51.30029508,0.013441953
51.20049735,0.086110883
51.36129479,-0.00980087
51.11633566,0.095492178
51.22365782,-0.177967185
51.37630596,-0.079175726
51.17360839,0.032107314
51.34860665,0.024291102
51.34275776,-0.184788969
51.31784553,-0.140814138
51.26780454,0.030637175
51.32541374,-0.194418136
51.1989543,0.057126117
51.24050331,-0.040804059
51.37336169,-0.103651652
51.23297721,-0.002429394
51.38378513,-0.18875846
51.30978134,0.068571322
51.36561799,-0.20265857
51.14007426,-0.022535986
51.26282596,-0.106335609
51.37057154,-0.170741819
51.26396702,0.021180857
51.28301046,-0.209794902
51.30817534,-0.074671795
51.23602179,-0.041720193
51.21213906,-0.126697968
51.3314196,-0.01707511
51.28403483,-0.190386022
51.39318364,-0.120681646
51.348443,-0.052029426
51.31242012,0.003149523
51.35846293,-0.089596415
51.30205432,-0.131874912
51.1336116,-0.022277551
51.23317142,-0.148914068
51.37416555,-0.164908501
51.21826265,0.086799921
51.3023844,0.006250404
51.28697306,-0.108241017
51.30199274,0.022274992
51.38701799,0.018593034
51.29696294,0.072417474
51.36913807,-0.042486437
51.17248155,0.10858435
51.2852841,0.08719217
51.22557039,-0.015296209
51.32491607,0.055903145
51.21048863,0.008716178
51.22185285,0.013544403
51.25342311,-0.155096905
51.19370769,0.067961133
51.36278331,-0.20198718
51.22370521,0.069189082
51.24892559,-0.150905823
51.19469843,-0.030978891
51.22765531,-0.146856857
51.20160133,0.020200647
51.25762639,-0.104300943
51.13841347,0.004030608
51.17994155,-0.066211419
51.23516654,-0.107348328
51.20529708,0.003348882
51.24501865,-0.118128022
51.36422591,0.019612267
51.11376219,0.046933997
51.17337984,0.013636158
51.20774151,-0.127172195
51.36997509,-0.060972593
51.34220587,0.021759786
51.16233463,-0.099761508
51.18237896,-0.02968994
51.38647738,0.002093321
51.29152153,-0.043251459
51.29532326,-0.06118327
51.22753191,-0.155902599
51.17113611,-0.136366723
51.31975826,-0.115483586
51.14772827,-0.016330975
51.26449296,-0.121170997
51.26675868,0.028031273
51.26919298,0.061817736
51.34962155,-0.059855974
51.2340986,0.015955132
51.1825814,-0.073549666
51.21896319,-0.163929153
51.38526685,-0.044268156
51.21577961,-0.123853454
51.38636366,-0.049218988
51.15652607,-0.032062401
51.21163799,-0.199298289
51.19381373,0.059232025
51.23596451,-0.192510055
51.27504755,-0.10648129
51.19980043,0.027381452
51.11679887,0.079439302
51.1635155,-0.108067857
51.19107361,-0.022689483
51.20036682,-0.159943591
51.26216053,-0.156125122
51.28086189,-0.186198704
51.29901031,-0.163265235
51.26204475,0.054551674
51.31607821,-0.055389995
51.33481319,0.049558147
51.11623607,0.077946836
51.17990466,-0.192698314
51.403222,-0.119686795
51.35659013,-0.11891382
51.29344112,-0.158967413
51.18771378,-0.11207909
51.29497164,-0.083082084
51.3278111,-0.071492113
51.3566669,-0.001547258
51.31532426,-0.151173049
51.26649957,-0.14135417
51.23148345,-0.019444834
51.35513102,-0.221227013
51.16232294,-0.130895301
51.27130053,0.029153287
51.35288128,-0.078182089
51.16624291,-0.028732838
51.16146673,-0.03107598
51.15489885,0.106584921
51.2623842,-0.005514499
51.2210833,-0.145633334
51.20701155,-0.103977387
51.22221287,-0.180783632
51.21858499,-0.002235477
51.31642677,0.043631729
51.26646139,-0.087121597
51.15049902,0.003881146
51.20649943,-0.143329709
51.30485858,-0.057492821
51.16735405,-0.046701127
51.19928615,-0.025281372
51.24208147,0.058014141
51.31620211,-0.182591781
51.35013161,-0.119978661
51.21893036,0.008408809
51.34213924,-0.038595357
51.20726551,-0.091418658
51.2416481,0.079397968
51.22504424,0.032120661
51.30498784,-0.199475801
51.09928349,0.118721676
51.39632891,-0.12119313
51.16547811,0.025069421
51.33379237,-0.032532
51.36055942,-0.072825435
51.28339338,-0.126484844
51.30842429,-0.050054667
51.25241865,-0.062341897
51.18068683,-0.013268672
51.19918843,0.035244351
51.31721516,-0.095722408
51.29654035,-0.118435287
51.14074762,0.086944967
51.27712057,-0.036074165
51.16291856,-0.10910061
51.30762669,-0.153419806
51.18747312,0.103015146
51.28991689,-0.096873931
51.29695192,-0.079912815
51.24489972,0.041607143
51.3368518,-0.184044526
51.20693356,-0.061788773
51.1225626,0.0570344
51.14869671,-0.013945246
51.14123166,0.00832423
51.26028872,-0.1444896
51.29655546,-0.078867344
51.31067146,0.015169853
51.25712816,0.027078218
51.26625797,-0.051617693
51.34425442,-0.155964657
51.2086222,0.048333455
51.23980861,-0.123168391
51.2106369,-0.095378424
51.20300489,-0.009803499
51.12638789,0.003849317
51.24408628,0.020649491
51.3454343,0.033882829
51.29364976,0.015486396
51.30197593,-0.136815842
51.28335481,-0.212074336
51.33699138,-0.198786207
51.28051494,0.048028027
51.26471963,-0.16607925
51.16554809,-0.03124134
51.33140081,0.054817668
51.293231,0.084812105
51.21288393,0.087566937
51.17835185,0.064286858
51.31643021,-0.173690738
51.33205022,-0.183775059
51.23070623,-0.009729688
51.17948886,-0.027071634
51.25365611,-0.061123635
51.31376386,-0.156978071
51.1757224,0.096225488
51.11069487,0.078368525
51.2132017,-0.079409441
51.25855916,-0.173844584
51.29712657,-0.013512938
51.11932638,0.110478632
51.22451275,0.0385262
51.26029054,0.024567805
51.40597448,-0.088716946
51.35023208,0.053190056
51.2074154,0.061599257
51.23346605,-0.093676556
51.36133698,-0.042422602
51.19107618,0.074186085
51.15567637,0.064578072
51.23239584,-0.183704433
51.25103589,-0.098479112
51.17090245,0.038128194
51.18215491,-0.089737346
51.35836053,-0.038093531
51.29937252,-0.177783259
51.15842322,0.015906696
51.30754751,0.065802041
51.200464,-0.158141171
51.30404787,-0.149933203
51.28348528,-0.170487517
51.36724031,-0.015979105
51.36358312,0.055964584
51.22798089,0.019489942
51.38884442,-0.066833229
51.18336489,0.01451003
51.21746285,-0.16125639
51.14516943,0.103940296
51.35586926,-0.056175583
51.15680757,-0.092282218
51.32910451,0.000321885
51.32573364,0.055767895
51.32828903,0.021500557
51.12202928,0.101477898
51.21580151,0.072463724
51.29493405,0.066091781
51.37077603,-0.17384215
51.29501419,-0.151582364
51.26472675,-0.044955366
51.25255526,0.084834747
51.17470267,0.004746095
51.34544861,-0.205420121
51.30301804,0.024620919
51.30623996,0.064079446
51.18747528,-0.072565263
51.23464158,0.094276978
51.36660745,-0.206175396
51.12095443,0.035185556
51.4119308,-0.091303176
51.19309054,0.05320446
51.24035434,-0.028443413
51.13631728,-0.009275739
51.17331755,-0.080631491
51.32999597,0.058174627
51.31750179,-0.12271485
51.10625673,0.12797775
51.34380798,0.015852762
51.19276042,0.099457424
51.19264522,-0.037331523
51.36992439,0.058588405
51.24730035,-0.044765026
51.37089797,-0.158206575
51.18237722,-0.079926692
51.2137499,-0.111983587
51.19012929,0.04794965
51.33888886,-0.065291321
51.20525028,-0.018064798
51.30179622,-0.058882605
51.20979184,0.014145095
51.28682181,-0.194019576
51.23746534,-0.153833736
51.33637886,-0.140976442
51.39808061,-0.107093761
51.26550664,-0.15993133
51.31927135,-0.191645022
51.25616808,0.032015172
51.33524888,-0.022406998
51.35033956,0.055907118
51.14940075,-0.016859669
51.24185659,-0.05598421
51.18903869,-0.045644137
51.21895344,-0.124250307
51.2940076,0.014124724
51.28753872,0.012818538
51.35380925,0.027113581
51.15080308,0.01537001
51.1627603,-0.113847034
51.10598435,0.108252694
51.36403253,-0.20002483
51.27846316,-0.074326957
51.29091538,0.06157391
51.29510171,-0.151322247
51.17308643,-0.042187365
51.10792645,0.105723667
51.24400388,0.067409423
51.22469384,-0.102926774
51.15094146,-0.061250469
51.2187194,0.031651875
51.3276934,0.044536282
51.17868973,-0.173274475
51.22332473,0.023473781
51.19657261,0.044310726
51.32743828,-0.123704427
51.17081862,-0.007730229
51.16337904,-0.012627041
51.14545571,0.112108063
51.31911315,-0.13590247
51.32947729,-0.150066285
51.27251524,-0.192616672
51.37987089,-0.113792099
51.2818538,-0.151756167
51.21617683,-0.037386806
51.19279125,0.092874524
51.28403972,-0.050661643
51.175873,0.087261455
51.33651359,-0.044341241
51.30423489,-0.043471943
51.34473862,-0.029663762
51.30555358,0.004647405
51.28574952,-0.167668255
51.22823903,0.042730672
51.24899187,-0.012513524
51.23294738,0.063407092
51.34161462,-0.217092021
51.18775456,-0.106057387
51.38703181,-0.003508689
51.29507325,-0.136150297
51.21959677,-0.121448744
51.19653335,-0.194285488
51.16011341,-0.096490285
51.15588282,0.102443011
51.29480479,0.009109928
51.20000221,-0.013764596
51.3575191,-0.144871562
51.27360778,0.017422055
51.18926807,-0.042354222
51.19465672,-0.065136835
51.1308273,-0.011383242
51.21373104,0.104080272
51.24332476,0.055843607
51.32105576,-0.059423274
51.27813143,-0.099968311
51.38074686,-0.21616296
51.13554294,-0.022390469
51.35526062,-0.212841086
51.30836285,-0.211078903
51.15665646,0.098832175
51.30237803,-0.155123479
51.19645335,-0.075360042
51.25829933,0.026024658
51.13473085,-0.011756464
51.27717567,-0.049714639
51.29556598,0.007003915
51.270992,-0.132680353
51.29695131,-0.078178879
51.17354464,0.037600356
51.37747341,0.019004039
51.29467031,-0.038141591
51.30517257,-0.134320903
51.27685216,0.049392099
51.3193208,-0.170778535
51.27387319,-0.156447915
51.35206946,-0.1988132
51.35639976,-0.010480988
51.25861098,0.067511839
51.243875,-0.007226028
51.34417835,-0.143716208
51.23532588,-0.006856328
51.38521352,0.004230835
51.18846952,-0.185401392
51.3730759,-0.225983675
51.35316474,-0.191177366
51.36277122,-0.088737619
51.35362449,-0.031003186
51.31663566,-0.13120535
51.29156761,0.020562245
51.34143515,0.001671995
51.13616286,0.093397156
51.36114936,0.065842266
51.18003697,-0.077366334
51.18047459,-0.18286689
51.23986975,-0.030381332
51.22349558,-0.181278626
51.17427994,0.047236894
51.29242649,-0.057709949
51.33867463,0.039694692
51.26533179,-0.070042323
51.21503058,-0.057918529
51.21202901,0.099350765
51.26689114,0.092308217
51.27826975,-0.098539038
51.21314087,-0.041476856
51.3030325,-0.007295632
51.27982915,-0.175509417
51.27705964,-0.087858721
51.24780625,-0.157165351
51.27186495,-0.138948982
51.24721098,-0.168323064
51.4074156,-0.125858065
51.18286387,-0.026489111
51.35169319,-0.169654205
51.1976356,0.025590471
51.28586562,-0.020467686
51.32627177,-0.165460383
51.20481591,-0.153004843
51.36999867,0.018262838
51.33338321,-0.147735144
51.30775253,-0.123388662
51.25442635,-0.050555352
51.17365849,-0.073490457
51.13594361,0.04349247
51.14393625,0.043722193
51.21033506,0.013459592
51.1775673,-0.100088739
51.27539543,-0.017885213
51.19985017,-0.185532715
51.21239952,-0.166754985
51.21705737,0.072635836
51.16327607,-0.021578188
51.21670501,0.0249178
51.23261836,-0.146927581
51.16495509,-0.024896521
51.18696139,0.087365567
51.23391723,-0.105687855
51.30696591,-0.094315076
51.25766287,-0.208211491
51.3719237,-0.205865099
51.29695241,0.057474762
51.31545746,-0.2039
51.3053974,0.014871499
51.19462384,-0.036274041
51.15040029,0.080553344
51.10699672,0.121646566
51.30872092,-0.211071341
51.35096813,-0.004151734
51.33893972,-0.125738697
51.35192568,-0.217359774
51.34901632,-0.07183185
51.21918001,0.059402254
51.41820716,-0.106008256
51.24080168,0.095370287
51.21339763,-0.138757004
51.33652642,0.033517641
51.29771051,-0.148221731
51.24084511,-0.150954044
51.1904633,0.092377906
51.32051395,0.046951172
51.29878618,-0.136408843
51.38977307,0.007253248
51.23229965,-0.149017855
51.2473873,-0.005325694
51.37728539,-0.03684263
51.24420867,0.03612384
51.18330396,0.063240092
51.30361316,-0.083880599
51.22790717,-0.042744754
51.34416457,-0.082007132
51.23114853,0.021116264
51.3090374,-0.070286837
51.3381946,-0.199462079
51.21646933,0.083600592
51.17360081,-0.058282587
51.23394692,0.005868156
51.26353154,-0.126539222
51.40774416,-0.091409756
51.26362744,-0.033261711
51.31590497,0.040145212
51.19149389,-0.098781809
51.27519157,-0.156240893
51.30676652,-0.015818982
51.26710114,-0.069863683
51.26629684,0.017485513
51.22748147,-0.10253521
51.26877977,-0.150162484
51.23556323,-0.030750047
51.35013055,-0.136125269
51.26700929,-0.199347781
51.13319932,-0.015775511
51.25261165,-0.092066058
51.32188556,-0.032351589
51.37078087,-0.092488549
51.29805574,-0.006440154
51.27704548,0.042528382
51.25038627,-0.131580184
51.24890027,-0.119802198
51.36076857,-0.047760125
51.29108767,-0.040329786
51.11121018,0.104105333
51.37130228,-0.085470662
51.21889395,0.060082892
51.24425251,-0.159629194
51.21977385,-0.061874027
51.41570543,-0.104105358
51.22309141,-0.156915144
51.28696621,0.005776442
51.35257214,0.057520325
51.1023838,0.128189125
51.1709872,0.11203831
51.26623009,0.084657263
51.37607896,-0.036616874
51.28355756,0.005442699
51.19188038,-0.027199827
51.32686556,-0.219320989
51.19455308,-0.169194605
51.33013936,-0.074707277
51.4042367,-0.118636202
51.31516153,0.030550489
51.24466731,0.085818791
51.23790742,0.085628103
51.31167036,-0.17550251
51.34882454,0.05985181
51.2806549,0.088792226
51.32740225,-0.002854013
51.22819642,-0.0857792
51.4040756,-0.098384786
51.1417101,-0.016784202
51.38065192,-0.221314212
51.22353896,-0.085355715
51.30993804,-0.052955306
51.37674013,-0.202526647
51.14113677,-0.00467103
51.23434756,-0.158535733
51.32856163,-0.045107026
51.13274431,-0.003345816
51.29432733,0.027046298
51.1835306,0.009273868
51.2189067,0.067855047
51.33201344,0.007947049
51.33116151,0.065362435
51.25961251,-0.06209921
51.36378912,-0.128482755
51.37223724,-0.000589882
51.2536745,-0.015730771
51.12448516,0.103959651
51.29419472,0.007355299
51.35754154,-0.007267633
51.32919697,-0.169009846
51.372306,-0.032560842
51.29472841,0.066186526
51.3695876,-0.206579005
51.17064895,0.024614033
51.35333651,-0.174898942
51.13845978,-0.031277906
51.29658807,-0.149475003
51.34206342,-0.023919348
51.27918135,-0.209852861
51.31573453,0.068991919
51.25377527,-0.105673701
51.31896375,-0.16731809
51.18693996,-0.036631484
51.11774746,0.036933834
51.33278041,-0.091237232
51.28517023,0.040507472
51.27732535,-0.0053728
51.16810244,0.10462344
51.24772384,0.028346897
51.3581681,-0.001995425
51.2843288,-0.11820462
51.18986127,-0.191786321
51.32370007,-0.004926111
51.33297877,-0.151262315
51.21334519,-0.180231491
51.38128569,-0.086116657
51.39410219,-0.065909
51.23784128,-0.027194778
51.35220704,-0.110736371
51.13083381,0.086564747
51.41326412,-0.113246549
51.2620843,-0.159953452
51.40861433,-0.118307377
51.36894247,-0.047637373
51.27542298,0.068805983
51.38737654,-0.035533636
51.19361562,-0.060696161
51.33375395,-0.099167542
51.15423967,-0.026820994
51.25084354,0.029274501
51.17850041,-0.099244087
51.27525548,-0.155448448
51.17636445,0.044590032
51.38367158,-0.118438718
51.11525565,0.079313339
51.25717962,-0.072878469
51.21691529,-0.079617926
51.23567927,0.099773652
51.31163922,-0.00809204
51.14041754,0.071647457
51.17830274,-0.11670568
51.32383254,-0.146951865
51.36869222,-0.063115894
51.27035283,-0.163508191
51.25808419,0.050106173
51.38726065,-0.193833833
51.30139378,-0.06438603
51.18997968,0.030833119
51.18298992,0.019950659
51.36747139,0.06869241
51.36741445,-0.093759959
51.18418933,0.03081647
51.18223078,0.107721623
51.17058799,0.013458906
51.36700943,-0.111725273
51.37942251,-0.026935221
51.19319758,0.099484299
51.35558562,-0.000748591
51.36611206,-0.070562782
51.15827301,0.109181005
51.36906107,-0.095886587
51.18093394,-0.037142356
51.31909366,-0.064413691
51.30412697,-0.137582007
51.27354596,0.08798701
51.24531439,-0.0129124
51.28393998,-0.107071954
51.21391241,-0.154356671
51.29574967,-0.17755601
51.3330588,-0.139150065
51.31653658,-0.083399202
51.35358786,-0.152975232
51.30590033,0.042375208
51.11178174,0.104633187
51.25431438,-0.072259023
51.3800085,-0.057088097
51.1624339,-0.004926587
51.21818467,-0.09049242
51.25367639,-0.102431396
51.17616027,-0.084128682
51.23531694,-0.155233467
51.18860061,0.091504301
51.1233447,0.068866196
51.31676713,-0.070220274
51.2092586,-0.181274987
51.37025877,-0.093579667
51.40432724,-0.123272764
51.27725533,0.019216808
51.18791932,-0.149585315
51.22872693,-0.042408578
51.27558713,-0.060451801
51.37842121,-0.045818493
51.36681575,-0.028549509
51.27596648,-0.181428793
51.1699823,0.110150024
51.26825173,0.028655164
51.1645902,-0.032495676
51.13325421,0.098005202
51.28987114,-0.158341943
51.31290061,-0.185513188
51.33581256,-0.192192601
51.41375154,-0.09019881
51.14740906,0.030485261
51.17692643,0.044013652
51.17111557,-0.118342398
51.21727399,-0.061121201
51.3861326,-0.195771769
51.1970442,0.034450716
51.26847424,-0.01020071
51.33153058,-0.0211551
51.18998168,-0.11197445
51.29630247,-0.182999325
51.13931348,0.005283989
51.22918615,-0.051213802
51.23634687,-0.100341188
51.30849992,-0.189714937
51.19561565,-0.015580386
51.32316904,-0.103598326
51.21823641,-0.140217188
51.38023496,-0.039587889
51.13933042,-0.044089697
51.20163387,-0.046816258
51.35831365,-0.055394457
51.31443168,0.037237821
51.13359728,0.117014268
51.15695609,0.09029897
51.14596663,0.10516616
51.25403814,-0.19378
51.20471751,0.014855038
51.2645868,-0.124760916
51.15935528,-0.029292337
51.24564245,-0.131971359
51.33993523,-0.110599204
51.18545148,-0.005812351
51.24718008,0.00138562
51.38802066,-0.124730409
51.35182575,-0.124542122
51.37582614,0.065439646
51.34386254,0.05817575
51.28754103,0.057472343
51.23515037,0.003405281
51.25778215,-0.060641697
51.27571261,-0.1539016
51.22823747,0.065154156
51.26673948,-0.048809532
51.36467687,-0.019400613
51.112261,0.114199907
51.16121106,0.097097039
51.20719645,-0.081031364
51.20330113,0.060065169
51.19364644,-0.075604392
51.28479712,-0.186568306
51.19568203,0.057582304
51.2318658,0.022836362
51.3517331,-0.126198305
51.17874766,-0.028222557
51.29221371,-0.028721891
51.21083696,-0.053975828
51.2193284,0.007516571
51.21816675,0.037543617
51.18654139,-0.120325707
51.21169913,-0.114756478
51.1645399,0.052799683
51.34911922,-0.05223273
51.27132104,-0.055868023
51.3376105,-0.203960971
51.26695733,-0.051201155
51.26481232,-0.169597088
51.25811492,-0.122157866
51.29740353,-0.104119499
51.11271348,0.070416061
51.33508967,-0.064457271
51.42423158,0.358079402
